4294967279,301
4294967278,189
4294967278,308
4294967279,299
4294967279,536
4294967278,350
4294967279,298
4294967278,183
4294967279,534
4294967278,348
4294967278,347
4294967278,178
4294967278,177
4294967279,175
4294967279,532
4294967278,305
4294967279,172
4294967279,296
4294967278,303
4294967279,321
4294967278,169
4294967278,344
4294967279,295
4294967278,168
4294967294,1173
4294967278,384
4294967278,166
4294967278,343
55,5
4294967278,163
55,4
55,3
55,2
55,1
4294967279,320
4294967278,160
4294967294,42
4294967278,159
4294967278,383
4294967278,346
4294967294,427
4294967294,43
4294967294,1101
4294967294,1095
4294967294,76
4294967294,52
4294967279,291
4294967294,417
4294967294,51
4294967278,342
4294967279,527
4294967278,154
4294967294,38
4294967294,37
4294967294,36
4294967294,39
4294967294,92
4294967294,90
4294967294,88
4294967294,86
4294967294,82
4294967278,153
4294967278,382
4294967278,152
4294967279,151
4294967279,150
4294967278,150
4294967294,84
4294967279,147
4294967279,149
53,5
4294967278,149
53,4
4294967279,148
53,3
53,2
53,1
4294967278,148
4294967294,40
4294967294,99
4294967294,107
4294967279,146
4294967278,146
4294967279,145
4294967278,145
4294967294,120
4294967279,525
4294967278,340
4294967279,287
4294967278,292
4294967279,524
4294967279,575
4294967294,396
4294967294,395
4294967294,407
4294967294,385
4294967294,178
4294967294,415
4294967294,110
4294967294,191
4294967294,180
4294967294,175
4294967294,116
4294967278,381
4294967279,137
4294967279,286
4294967278,290
4294967278,339
4294967294,5
4294967294,419
4294967294,1174
4294967294,1017
4294967294,1018
4294967279,523
4294967278,337
4294967278,338
4294967278,288
4294967279,267
4294967278,273
4294967279,277
4294967278,268
4294967278,265
4294967278,264
4294967279,257
4294967278,285
51,4
4294967278,262
51,3
51,2
51,1
4294967278,334
4294967294,437
4294967278,261
4294967294,1098
4294967294,17
4294967294,41
4294967278,278
4294967294,1175
4294967278,333
4294967279,517
4294967279,519
4294967278,332
4294967278,331
4294967278,330
50,4
4294967278,329
50,3
50,2
50,1
4294967278,380
4294967279,516
0,7
4294967294,1
4294967278,379
4294967278,0
4294967278,327
4294967279,574
4294967279,251
4294967279,319
4294967294,469
4294967279,249
4294967279,318
4294967278,252
4294967278,251
4294967278,249
4294967279,317
4294967278,247
4294967294,2
4294967279,244
4294967279,246
49,4
49,3
49,2
49,1
4294967279,573
4294967279,0
4294967294,46
4294967279,233
7,4
4294967279,227
4294967279,225
4294967279,223
4294967279,221
48,4
48,3
48,2
48,1
4294967279,218
4294967294,1000
4294967294,1001
4294967294,186
4294967294,424
4294967294,0
4294967278,217
4294967294,50
4294967294,91
4294967294,87
4294967294,85
4294967294,29
4294967294,28
4294967294,1016
4294967294,27
4294967294,25
4294967294,26
4294967294,53
4294967294,45
4294967294,44
4294967294,96
4294967294,94
4294967294,9
4294967279,316
4294967294,8
4294967279,216
4294967294,6
4294967294,22
4294967294,93
4294967294,95
4294967294,67
4294967294,81
4294967294,11
4294967294,68
4294967278,132
4294967278,130
4294967278,129
4294967278,128
4294967278,127
4294967278,126
4294967278,125
4294967278,124
4294967278,123
4294967278,122
4294967278,121
4294967278,120
4294967278,119
4294967278,118
4294967278,117
4294967278,116
4294967278,115
4294967278,114
4294967278,113
4294967278,112
4294967278,111
4294967278,110
4294967278,109
4294967278,108
4294967278,107
4294967278,106
4294967278,105
4294967279,212
4294967279,211
4294967278,210
4294967279,210
4294967279,209
4294967279,206
47,4
47,3
47,2
47,1
4294967278,322
4294967279,204
4294967279,203
4294967278,202
4294967279,202
4294967278,201
46,4
4294967279,201
46,3
46,2
46,1
4294967278,200
4294967279,200
4294967278,131
4294967278,104
4294967278,103
4294967278,102
4294967278,101
4294967278,100
4294967278,99
4294967278,98
4294967278,97
4294967278,96
4294967278,95
4294967278,94
4294967278,93
4294967278,92
4294967278,91
4294967278,90
4294967278,89
4294967278,87
4294967278,86
4294967278,85
4294967278,84
4294967278,83
4294967278,82
4294967278,81
4294967278,80
4294967278,79
4294967278,78
4294967278,77
4294967278,76
4294967278,75
4294967278,74
4294967278,73
4294967278,72
4294967278,71
4294967278,70
4294967278,69
4294967278,68
4294967278,67
4294967278,66
4294967278,65
4294967278,64
4294967278,63
4294967278,62
4294967278,61
4294967278,60
4294967278,59
4294967278,58
4294967278,57
4294967278,56
4294967278,55
4294967278,54
4294967278,53
4294967278,52
4294967278,51
4294967278,50
4294967278,49
4294967278,48
4294967278,47
4294967278,46
4294967278,45
4294967278,44
4294967278,43
4294967278,42
4294967278,41
4294967278,40
4294967278,39
4294967278,38
4294967279,21
4294967279,18
4294967279,16
4294967279,11
4294967279,9
4294967279,8
4294967279,7
4294967279,6
4294967279,5
4294967279,4
4294967279,311
0,5
4294967294,7
4294967278,198
4294967278,197
4294967278,318
4294967279,309
4294967279,308
4294967278,196
45,5
4294967279,195
45,4
45,3
45,2
45,1
4294967278,313
4294967279,191
4294967279,303
4294967278,312
4294967278,311
4294967279,190
44,6
4294967294,1418
4294967294,1419
4294967278,188
4294967278,310
4294967279,300
4294967278,187
44,5
4294967279,186
44,4
44,3
44,2
44,1
4294967278,306
4294967279,182
4294967279,572
4294967279,181
43,5
43,4
43,3
43,2
43,1
4294967279,571
4294967278,378
4294967278,304
4294967279,171
42,5
42,4
42,3
42,2
42,1
4294967279,570
4294967278,301
4294967279,293
4294967279,163
41,5
41,4
41,3
41,2
41,1
4294967278,299
4294967279,159
4294967279,158
4294967278,298
4294967278,377
4294967279,157
40,5
